{"data":[{"type":"surface","z":[[-0.015,-0.033,-0.06,-0.097,-0.141,-0.188,-0.233,-0.27,-0.297,-0.311,-0.311,-0.297,-0.27,-0.233,-0.188,-0.141,-0.097,-0.06,-0.033,-0.015],[-0.033,-0.065,-0.11,-0.168,-0.233,-0.297,-0.355,-0.399,-0.428,-0.443,-0.443,-0.428,-0.399,-0.355,-0.297,-0.233,-0.168,-0.11,-0.065,-0.033],[-0.06,-0.11,-0.178,-0.257,-0.34,-0.414,-0.47,-0.505,-0.522,-0.528,-0.528,-0.522,-0.505,-0.47,-0.414,-0.34,-0.257,-0.178,-0.11,-0.06],[-0.097,-0.168,-0.257,-0.355,-0.443,-0.505,-0.531,-0.526,-0.505,-0.487,-0.487,-0.505,-0.526,-0.531,-0.505,-0.443,-0.355,-0.257,-0.168,-0.097],[-0.141,-0.233,-0.34,-0.443,-0.514,-0.531,-0.487,-0.399,-0.304,-0.242,-0.242,-0.304,-0.399,-0.487,-0.531,-0.514,-0.443,-0.34,-0.233,-0.141],[-0.188,-0.297,-0.414,-0.505,-0.531,-0.464,-0.304,-0.085,0.125,0.253,0.253,0.125,-0.085,-0.304,-0.464,-0.531,-0.505,-0.414,-0.297,-0.188],[-0.233,-0.355,-0.47,-0.531,-0.487,-0.304,0.013,0.399,0.752,0.964,0.964,0.752,0.399,0.013,-0.304,-0.487,-0.531,-0.47,-0.355,-0.233],[-0.27,-0.399,-0.505,-0.526,-0.399,-0.085,0.399,0.964,1.469,1.768,1.768,1.469,0.964,0.399,-0.085,-0.399,-0.526,-0.505,-0.399,-0.27],[-0.297,-0.428,-0.522,-0.505,-0.304,0.125,0.752,1.469,2.102,2.475,2.475,2.102,1.469,0.752,0.125,-0.304,-0.505,-0.522,-0.428,-0.297],[-0.311,-0.443,-0.528,-0.487,-0.242,0.253,0.964,1.768,2.475,2.889,2.889,2.475,1.768,0.964,0.253,-0.242,-0.487,-0.528,-0.443,-0.311],[-0.311,-0.443,-0.528,-0.487,-0.242,0.253,0.964,1.768,2.475,2.889,2.889,2.475,1.768,0.964,0.253,-0.242,-0.487,-0.528,-0.443,-0.311],[-0.297,-0.428,-0.522,-0.505,-0.304,0.125,0.752,1.469,2.102,2.475,2.475,2.102,1.469,0.752,0.125,-0.304,-0.505,-0.522,-0.428,-0.297],[-0.27,-0.399,-0.505,-0.526,-0.399,-0.085,0.399,0.964,1.469,1.768,1.768,1.469,0.964,0.399,-0.085,-0.399,-0.526,-0.505,-0.399,-0.27],[-0.233,-0.355,-0.47,-0.531,-0.487,-0.304,0.013,0.399,0.752,0.964,0.964,0.752,0.399,0.013,-0.304,-0.487,-0.531,-0.47,-0.355,-0.233],[-0.188,-0.297,-0.414,-0.505,-0.531,-0.464,-0.304,-0.085,0.125,0.253,0.253,0.125,-0.085,-0.304,-0.464,-0.531,-0.505,-0.414,-0.297,-0.188],[-0.141,-0.233,-0.34,-0.443,-0.514,-0.531,-0.487,-0.399,-0.304,-0.242,-0.242,-0.304,-0.399,-0.487,-0.531,-0.514,-0.443,-0.34,-0.233,-0.141],[-0.097,-0.168,-0.257,-0.355,-0.443,-0.505,-0.531,-0.526,-0.505,-0.487,-0.487,-0.505,-0.526,-0.531,-0.505,-0.443,-0.355,-0.257,-0.168,-0.097],[-0.06,-0.11,-0.178,-0.257,-0.34,-0.414,-0.47,-0.505,-0.522,-0.528,-0.528,-0.522,-0.505,-0.47,-0.414,-0.34,-0.257,-0.178,-0.11,-0.06],[-0.033,-0.065,-0.11,-0.168,-0.233,-0.297,-0.355,-0.399,-0.428,-0.443,-0.443,-0.428,-0.399,-0.355,-0.297,-0.233,-0.168,-0.11,-0.065,-0.033],[-0.015,-0.033,-0.06,-0.097,-0.141,-0.188,-0.233,-0.27,-0.297,-0.311,-0.311,-0.297,-0.27,-0.233,-0.188,-0.141,-0.097,-0.06,-0.033,-0.015]],"colorscale":[[0,"#0d1b2a"],[0.25,"#1b3a5c"],[0.5,"#1b90ba"],[0.75,"#7c3aed"],[1,"#a33cb2"]],"showscale":true,"colorbar":{"tickfont":{"color":"#a1a1aa"}},"contours":{"z":{"show":true,"usecolormap":true,"project":{"z":true}}}}],"layout":{"scene":{"xaxis":{"title":"X","backgroundcolor":"rgba(0,0,0,0)","gridcolor":"rgba(255,255,255,0.06)","color":"#a1a1aa"},"yaxis":{"title":"Y","backgroundcolor":"rgba(0,0,0,0)","gridcolor":"rgba(255,255,255,0.06)","color":"#a1a1aa"},"zaxis":{"title":"Z","backgroundcolor":"rgba(0,0,0,0)","gridcolor":"rgba(255,255,255,0.06)","color":"#a1a1aa"},"bgcolor":"rgba(0,0,0,0)","camera":{"eye":{"x":1.5,"y":1.5,"z":1.2}}},"margin":{"l":0,"r":0,"t":0,"b":0}}}